1038520427
1383879225
1383879226
1284250
856645
1470577734
1470577733
1217844763
1268759003
1157812892
1109604829
1310204716
1059433119
1059433118
1148688883
1458819056
1458819055
1472746254
1110449271
1382996706
1450383343
1379395787
1378641288
973825
1271768492
1271768491
1127587747
1355560
1355561
1430354109
1253500524
1253500523
1409274661
1409274660
1398847305
1181979
1031887
1061272644
1082675513
1082675512
1082675511
1368001630
1109604830
1354376
1118523382
1164898854
1217844762
1217501
988833
1343449
1416811341
1416811340
981821
1210248
1037056008
1343446
1278216570
1028699257
1188568
1282497786
1058581588
1361746009
1381502961
1207791403
1043889885
1274214
1033802072
1179339
1080868484
1068845
1097628
1033196
1174330
1389771983
1043889884
1376764414
1255110941
1067558177
855739
1418047827
1039296
1221832682
1277016
1277933
1406855765
1043889887
1015436664
1015436662
1015436663
1466841113
1130356
1180281
1023837508
1397884085
1080129379
1255680397
1043889886
1148688885
1086096929
1346282
1466156875
1466156876
1466156877
1334456474
1313527947
1313527946
1313527945
1313527944
1430769927
1463177135
1463177134
1328948
1430769928
1437305237
1213323763
528220
1032521000
1361179509
1032521002
1037156339
1037156338
1299642645
1271781532
1196255
1449254854
1217533514
1242653856
1278345771
1037156337
1037156336
1177630
1255551118
1374664767
1401347172
1172732973
1203883075
1172732971
1374664769
1281946
1182288
1309151
1089140944
1089140945
1089140942
1089140943
1466842304
1255604442
1102680268
1307273654
1384608573
1384608574
1384608575
1384608576
1251159238
1353135894
1353135895
1090622130
1106502
1301717
1364364978
1301912
1389894651
1389894650
1406845316
1406845317
691300
1076416
1015367811
1026101144
1026101145
1026101146
1307273657
1277914
1090672025
1165981
1411598382
1314029500
1411598380
1389951773
1089857105
1256296738
1307273656
1060844
1059973274
1256296737
1059973276
1065330931
1065330932
1065330933
1060295590
1349998339
1082983011
1339209072
917461
917460
1142170592
1255656997
1173425111
1173425112
1311439
1090566583
1366558174
1366558175
1271768490
1130341458
1334894
1366558173
1411791660
1056606438
1394891747
1157228989
1123899753
1149481880
1042416854
1266859038
1406865357
929734
1473743901
1142534293
1278675
1278677
1157883840
1142534294
1356971398
1424919581
1424919580
1177561
1421175272
1398829161
1398829160
1239685
1194249475
1423575888
1305915381
1121155394
1294727342
1465752854
1121155395
1159139940
1171933
1191809
1338814835
1432133784
1432133785
1432133786
1389702090
1177792
1124157468
1352748
1102656814
1178714
1102656813
1398847307
1458758617
1458758616
1458758615
1398847306
1064437665
1064437664
1064437667
1064437666
1311113517
1317406
931849
1393015257
1064437668
1297797
1457990568
1457990569
1248251104
1248251105
1300426
1025619608
1361983
1292577
1217597770
1457990567
1209645
1209642
1172466397
1202213441
1202213440
1358263
1146827
1172466396
1396796827
1466441280
1466441281
1466441282
1179167241
1308955393
1308955392
1190400
1073798969
1396796828
1304890
1297601
1267841
1117619452
1056216349
1403292709
1315255625
1315255626
1315255627
1237565241
1237565243
1237565242
1315255628
1237565244
1089822534
1052996168
1412706955
1412706954
1172680
1357992032
1357992031
1217516
1217517
909245
1217510
1451756257
915676
1331889505
1070874
1361746010
1310086606
1334366882
1265329208
1265329209
1231049818
1334366883
1102333721
1102333722
1102333723
1472392597
1274881
1258010410
1477351448
10577461057746
1057741
1057740
1231049819
1217500
1334366885
1358886
1347329003
1239273
1239272
1047517850
1239270
1239274
1332408780
1309739
1371222031
1371222030
1035546604
1159556247
1035546602
1035546603
1035546600
1035546601
1217509
1451497314
1286133
1372443940
1185986
1097507
1088237979
1097503
1389771982
1086514218
1086514219
1091731480
1356126
1294336
1022456037
1411549717
1319216789
981123
1389768255
1389768254
1396764601
1060305386
1448313899
1138432
1060305388
1023433
1023437
1083123824
1083123825
1083123826
1083123827
1028750
1409580550
1345390480
1465909954
1465909955
1260440
1282497785
1389709135
1389709134
1465909952
1069259188
1222931282
1222931283
1252823498
1222931281
1361275896
1381502960
1297596
1252823496
1252823497
1221599
1003260
1124442791
1124442792
1166748
1351910
1061272643
1317707
1072877956
1072877957
1090622129
1090622128
1058581587
1294654554
961935
1360031
1454507563
1118423
1454507565
1454507564
1162460540
1075035724
1390218722
1123613563
1424015746
1327310
1396727725
1433724302
1162338
1184890729
1290832
1453600790
1315749
1438516474
1020006472
1117529302
1438516473
1117478587
1270311339
1270311338
822699
1061207467
1116690731
1396932609
1396932608
1305915
1295231304
1295231305
1295231306
1295231307
1099152
1099153
1075215
1295231303
1381835601
1225167
1255847278
1106480882
1318040
1117874174
1472741570
1277930
1177566
1289157639
1415377579
1271758721
1458167186
1441442832
1109039749
1441442831
1240141
1318816953
1058629250
1058629251
1217686187
1301718
1171928
1107941140
1094804870
1477534483
1215273994
1148671
1322562
1377003566
1322565
1171381039
1345071619
1096855213
1221694999
1335515039
1096855214
1034632371
1255161
1021012
1371992463
1198318231
1055519947
1055519946
1055519945
1411708283
1055519948
1305432476
1305432475
1023508010
1333570
1337678
1141590175
1037176470
1311046
1209688
1292565
1280037
1202213439
1266577429
929596
1476172015
1366102595
1366102594
1329327
1403292711
1403292710
1051106806
1134663486
1475465720
1408131293
1338053605
1079941133
1079941135
1079941134
1459589525
1459589526
1459589527
1344126
1286513
1267968
1146722
1351672708
1270625
1226348
1314308200
1166661934
1166661933
1128878784
1063925091
1063925090
1063925092
1074171026
1318915
1228416
1318910
1125973259
1133079
1143661
1182292
1085389643
1227841849
1350239122
1186132
1221689919
1221689918
1073266
1073267
1073268
1050300690
1050300691
1258010409
1178206645
1332408779
1097040878
1097040879
1388803044
1124158129
1180282
1041358974
1041358975
1041358976
1041358977
1238306
1150979
1047228987
904406
1239268
1360199
1237968
1037056007
1160388385
1309191990
1102952374
1102952375
1335855495
1335855494
1210793742
1210793743
1260975
1222587
1210793744
1085629769
1314308199
1461058678
1179936340
1180245
1255774996
1345417
1297459
1297458
1458729470
1153548005
1138736
1300888
1344704633
1382996707
1072877955
1382996705
1072783851
1072783850
1072783852
968189
1221832683
1091354248
1121155392
1121155393
1454287255
1454287256
1454287257
1209056
1124012349
1105829673
1069282496
1114576
1079277
883893
1142179612
1439729428
1221584
1359910323
1467160522
1298038839
1318032
1353373
1384104635
1084743538
1214307691
1267999
1084743537
1084743536
1314243400
1221813609
1052789735
1052789736
1052789737
1301772
1305691
1301899
1277934
1267915
1368001327
1472298887
1062662844
1401810786
1472298888
1368001328
1388841569
1107941142
1107941143
1215226632
1093791377
1447838719
1304188
1152387900
1152387901
1310208983
1449285494
1188077
1449285493
1463663682
1184890731
1184890730
1071749018
1338053604
1338053607
1338053606
1071749017
1023127736
1222589
1222588
1153788469
1375309961
1405145459
1443057838
1032556069
1094457787
1094457786
1279814
1389663356
1389663357
1472741569
1178285866
1178285867
1455861400
1455861401
1361174513
1361174512
1187741
1178285869
1193658867
1294924605
1361174514
1401810785
1123676467
1123676468
1117619451
1457095996
1308261
1226887140
1397706272
1148462
1334275335
1250840862
1397706274
1250840861
1313527943
1382504232
1382504233
1124089
1107459313
1109039750
1107459312
1096901190
1341489213
1341489212
1233872
1458182691
1068358
1233874
1032368169
1231344238
1397706273
1459236499
1141802202
1396787911
1153750
1396787912
1367510347
1366436644
1367510348
1367510349
1123631641
1123631640
1123631642
1298027265
1232989498
1236191
1236190
1152746695
1218356
1232989497
1232989496
1159158899
1159158898
1463057096
1463057095
1219286571
1219286570
1219286572
1138438
1207793809
1313209993
1313209992
1137574747
1468203905
1468203904
1468203906
1237576
1237577
1468203903
1238026371
1329320
1371538621
973862
1179954316
1179954317
1032521001
1396367690
1273380
1351771656
1351771657
1086598360
1086598361
1063666941
1063666940
1052348020
1351771658
1351771659
1350106152
1299642647
1350106150
1350106151
1299642646
1460948505
1460948507
1460948506
1460900079
1341446902
1341446903
1341446904
1324651
1026152178
1226359
1415358683
1082376
1415358684
1111442344
1210254
1217518
1221912
1444820752
1318925
1318927
1318926
1035546597
1379572184
1144830865
1464471322
1144830866
1197941862
1197941860
1035546599
1050300689
1255865861
1220054
1449254853
1073292763
1173627
1460933682
1460933683
1460933684
1454389517
1330154
1058924
1057746
1058924
1360185
1324600
1454389518
1454389519
1151485
1301874
1164021
1301870
1309191989
1124048275
1124048274
1365603039
1191808
1058548950
1191803
1130350
1311266197
1085629771
1085629770
1080868485
1085629772
1172732970
1371924411
1137839
1447753883
1307722
1294742016
1294742017
1324445
1117472044
1204052127
1210399622
1210399621
1318701
1433557767
1433557766
1074451014
1074451017
1241591
1035942
1451615814
1451615815
1220380697
1100080
1196262
1231344237
1298458
1217526
1297041993
1355683824
1297041994
1297041995
1217524
1322220
1420281418
1439638483
1079928413
1439638484
1228979444
1228979445
1228979442
1079928416
1079928415
1228979441
1295251236
1295251237
1398739833
1398739832
1314239532
1314239531
1314239530
1118846
1450431928
1089958
1155902
1388841570
1062662834
1466685155
1472434259
1298088129
1179963036
1074112714
1305682
1062662839
1022876337
1415950055
1259899
1466842597
1320697
1313061582
1313061583
1022876338
1313061581
1065785190
1286526
1397676877
1010959
1340751
1155294
1445738550
1201967396
1232279
1299654970
1463161389
1463161388
1172413656
1357896213
1219289286
1357896215
1059290507
1219289285
1059290508
1255952810
1201967395
1279804
1279805
970602
1327431722
1091778312
975023
1218968916
1218968915
1322308
1298584762
1237691165
1399020800
1399020801
1035547368
1177541
967021
1409710204
1124090
1409710203
1162127418
1162127417
1162127416
1162127415
1038520379
1310206968
1138971693
1096901189
1367994339
1138971695
1138971694
1379376378
1152746693
988753
1152746692
1233868
1152435448
1287655433
1287655432
1123688863
1233863
1152435445
1152435444
1152435447
1152435446
1217832028
1205412988
1032368171
1032368170
1050352469
1221813611
1053103140
1053103141
1449323237
875722
1079894633
1079894632
1079894631
1470844246
1337884202
1079894634
1157952
1134666856
1134666857
1292553
1065322949
1397811226
1397811227
875724
1397811228
1000308
1424683376
1424683377
1117874175
1445149152
1445149153
1445149151
983521
1144549888
1251088
1108224277
1137933565
1137933566
1086029575
1237583
1389922126
1389922125
1389922124
1428514416
1461665264
1461665263
1461665262
1152805482
1329300
1152805481
1152805484
1197971
1182817
1218212422
1218212421
1142287867
1396367689
1042416379
1314086223
1260968
1291302
1149887
1270603
1093343614
1350106148
1301916
1301917
1016903078
1112683345
1193650
1460714575
1133584205
1250838141
1307273655
1074458225
1079507378
1074458227
1074458226
1158044635
1158044636
1084409083
1144819082
1144819083
1059350387
1074458228
1144819084
1250598
1375793
1059350388
1082142
1473032065
1470123374
1443350065
1234428879
1025628325
1249266
1124396071
1124396070
1140354
1394891748
1394891749
1143136
1267345
1202626888
1284964
1172348419
1109604607
1327309
1475278619
1466841808
1411598381
1073246
1109604608
1458237599
1461536951
1269353
1097547
1187326242
1187326243
1124011548
1458237597
1265309828
1286431778
1351223973
989026
1199729
1185983
1185982
1350118457
1286431777
1286431776
1218235617
1128878785
1320179
1301865
1320175
1301869
1220529
1032494419
1218235619
1218235618
1254118494
1365287365
1134250
1217541
1217540
1254118493
1254118492
1212528726
1312760512
1312760513
1102648705
1312760511
1461037053
1461037052
1461037051
1256296736
1184890028
1184890027
1212528725
1309675616
1309675617
1217508
1430266106
1251039632
1356117
1251039631
1182717
1115300331
1422206739
1290795
1043893673
1062653215
1205405
1159552385
1141575447
1234535936
1141575448
1123685901
1129784
1129782
1123685903
1190394
1316527017
1058623737
1241010493
1316527018
1316527019
1304746221
1171338539
1213602
1213603
1073887594
1062984719
1145177
1287463791
1107941141
1320421
1089350492
1122861749
1258708913
1089949
1052348018
1052348019
1186182
1210799925
975024
1260568
1210799923
1265045
1330220
1086598363
1340291
1185509344
1388803045
1157265781
1172587980
1172587981
1361699692
1221653
1221657
1274456
1338133
1326692
1195331913
1151994814
1446678216
1065298009
1353319901
1460827382
1118523381
1141773475
1118523383
1079507380
981822
1355034379
1207791402
1207791401
1416279128
1071704259
1315209678
1385872974
1361984
1445712903
1343357200
1445712904
1167130616
1315037
1033802069
1397110715
1466498778
1153737
1096838929
1466498776
1466498777
1237178
1241864
1301905
1182718
1247724
1064365621
1366297704
1220667774
1345517
1334456475
1423575887
1232502
1356971397
1304898
1393445964
1469799900
1393445963
1172466395
1157265780
1430772429
1415084399
1415084398
1293791
917770
1274285
1417460429
1031860
1389825392
1111723
1389825391
1340124
1451497315
1466986708
1451497313
1451497312
1458252243
1016204911
1227462436
1227462435
1227462434
1160548
1364757715
1364757714
1364757717
1364757716
1411791661
1391149689
1086029577
1065322950
635906
1026253
1312640
1133222365
1133222364
1266628
1293925661
1293925663
1293925662
1369733392
1369733393
1070874819
1369733394
1424982002
1335404
1063675909
1424982003
1474687536
1359918
1273409655
1213538946
1213538944
1213538945
1178206646
1105101708
1178206644
1090687339
1460714576
1179167242
1160711818
1073818662
1073818663
1197968
1160387975
1197967
1232728
1390218723
1075943855
1406865356
1124677
1379396087
1455936705
1065050829
1367504821
1199179
1452994365
1193661
1221694998
1193662
1090085964
1193658866
1090085962
1090085963
1329225
1420281942
1057737
1141802203
1072445909
1082753932
1082753930
1082753931
1167651
1278674
1158861
1366682934
1366682935
1255693520
1063670989
1158130722
1158130723
1158130721
1284978
1164620
1394891750
1369123152
1298564
1265337943
1284977
1265065485
1265065484
1117472045
1241411588
1266859037
1024510788
1008196352
1132460611
1438917376
1422318100
1127578544
1265065483
1052744280
1366834792
1085629688
1143344756
1143344757
1461055801
1461055802
1122861750
1220484203
1221813610
1354809556
1354809557
1058559986
1266188
1301890
1093947553
741524
1102657850
1454440772
1454440773
1454440774
1454440775
1454440776
1334318851
1299698060
1299698061
1457701650
1299698063
1477694370
1172348417
1172348416
1460869943
1172348418
1453575738
1460869945
1460869944
1477752163
1477627365
1158197710
1477752164
1305767639
1291940
1124331
1124332
1163155
1163156
1457095995
1042997435
1366255152
1288825570
1361699693
1229272410
1460819522
1366255153
1375387146
1375387144
1300419
1310105094
1310105095
1310105093
1241867
1345516
1072476561
1062653027
1160590377
1016204910
1366519341
1160590378
1160590379
1018513184
1018513185
1446793231
1472061497
1035546598
1372443938
1332758
1397401503
1376618727
1376618726
1376618725
1372443939
1265327586
1265327585
1265327584
1265327583
1366670972
1366670971
1385117134
1033802073
1122861751
1028728570
1171645623
1073412382
1018006
1299917
1033802074
1372443937
1376787885
1033802071
1376787887
1376787886
1376787888
1260571
1229851532
1016471514
1229851531
971050
1073412384
1298034495
1305251007
1425646249
1334693
1282248
1229851530
1383102426
1278299707
1160622890
1474982239
1324789532
1015378290
1144627862
1144627861
1171601070
1071704260
1109039167
1185013113
1109039168
1101144
1178739
1159139939
1396452745
1062984721
1255738659
1117459550
1314749603
1314749604
1123960718
1123960719
1236208136
1236208137
1236208138
1236208139
1123960715
1123960716
1123960717
1298220
1145233
1142385079
1392992962
1133899358
1477436087
1373319565
1078555823
1046750882
1462831968
1462831969
1265335236
1078555824
1265335238
1462831967
1132431230
1132431231
1132431232
974401
1025892355
1025892354
1087489256
1397124814
1022169604
1397124813
1338899661
1338899662
1274297
1277981
1215144
1321907
1058633586
1165784125
1172587978
1165784127
1330155
1229385990
1464341985
1232965449
1172587977
1295253
1391149690
1397878290
1391122437
1401677006
1401677007
1391122438
1124365
1396992901
1345583413
1266619
1345583414
1345583415
1022302785
1211624
1160622891
1400166479
1400166478
1073311
1053219538
1446678215
1373155138
1053219537
1243130646
1243130647
1265316064
1076503191
1265316061
1265316062
1265316063
1086089707
1119112623
1041045
1058596403
1081763
1198547377
1198547376
1473155117
1132430547
1426975953
1132430548
1473155118
1473155119
1064413188
1198547378
1470239406
1359780
1058614725
1058614727
1326950
1187263570
1470239405
1323448
1196590
1064358523
1426872135
1426872136
1426872137
1058157
1253920801
1063670990
1310185397
1347171810
1217493
1366470379
1366470378
1174579437
1298087228
1210695331
1311026440
1174358
1174579438
1052992945
1052992944
1052992946
1059376
1075368480
1468300504
1059373
1408903475
1462173848
1462173849
1457645001
1016006697
1016006696
1130708
1052369078
1456646173
1180464
1180463
1360740115
1444971354
1199748
1292578
1320833
1168049
1168048
1356092
1045384751
1453600781
1453600782
1453600783
1453600784
1453600785
1453600786
1453600787
1453600788
1453600789
1149274356
1149274357
1301881
1191806
1295093694
1292573
1172986
1229096292
1449174881
1229096290
1229096291
1253170470
1253170471
1173359081
1173359080
1310999550
1124106165
1158197709
1124106167
1172348420
426126
1379600884
1379600885
1062984720
1266601747
1142215
1379600883
1173546907
1294316
1325053
1171806
1077089722
1083056
1299662812
1299662813
1299662814
1100734184
1365708
1072173
1084949505
1084949506
1150574888
1327634
1202479221
1202479220
1446564963
1202479222
1466839636
1179888895
1229272409
1466839635
1058531438
1058531439
1409531448
1205753308
1016204909
1205753307
1266548672
1410402574
1120431299
1130320395
1462027713
1137831
1361449187
1361449186
1361449185
1146822
1367808201
1090654429
1367808202
1338071
1106478
1463786078
1463786079
1153677552
1153677553
1144568931
1144568932
1477694369
1463786077
1463786075
1036425403
1036425402
1036425401
960138
1123232771
1447566801
1447566800
1204052128
1124760535
1126854956
1126854955
1126854954
1284434
1210695335
1032349042
1032349043
1032349044
1408271202
1457413534
1457413531
1457339907
1457413532
1451710886
1451710885
1451710884
1451710883
1452902127
1425646251
1425646250
1229269
1473204339
1473204338
1316830541
1266476355
1445719734
1015378289
1015378288
1148605468
1415072307
1052810428
1309693409
1218872
1463824239
1463824238
1309693407
1424751843
1052810427
1052810426
1171601069
1195318663
1332512
1347170707
1393963057
1393963056
1090875082
1393963058
1171240
1369409371
1474196426
679533
1474196428
1015213709
1125920455
1181030951
1181030952
1217706252
1284435
1418964731
1361155
1462831970
1036972069
1141581602
1340284
1382486961
1120346358
1382486963
1438997707
1286299690
1372095604
1003494928
1202254440
1086564184
1086564183
1086564182
1120346357
1120346356
1338832077
1338832076
1210695332
1152704660
1152704661
1152704662
1338832078
1251344
1173384514
1096523813
1096523812
1096523811
1077948808
1232965450
1298056159
1298056158
1055470705
1295243
1457533145
1457533144
1432793988
1432793989
1432793986
1432793987
1371924412
1371924413
1371924414
1035492392
1064391668
1074169563
1087844
1345371
1295153640
1295153641
1295153642
1064391667
1092889
1182913
1133864469
1026147030
1322217
1311027657
1196267
1278164
1084275
1278163
1031886
1103652
1219290599
1087489255
1188144349
1332027606
1331676
1081752
1364562
1358269
1255108096
1133222363
1397124815
1226356
1119976822
1466935435
1119976821
1397884083
1193796
1397856988
1397884084
1032367887
1032367888
1466279111
1227224
1466935432
1334916
1397878289
1361179508
988834
1035185691
1359778
1095769662
1359773
1324562550
1280796
1015367810
1397856989
832739
1233096740
1190398
1082139
1033804571
1124434030
1124434031
1296334150
1355683826
1134749
1277982
1109627696
1199181
1307481
1199728
1462173850
1051114952
1210644629
1058620851
1286643673
1205837863
1286643674
1282655819
1282655817
1345399
1366436643
1282150
1073239
1329124
1124167451
1210374820
1058620854
1221861
1194901
1214627
1372095603
1172587979
1335395
1453600791
1165784124
1073894987
1073894986
1119931505
1252505
1324881
1352494
1310999549
1310999548
1026152177
1441442830
1464341984
1131335438
1022286721
1111667717
1157259274
1432745633
1432745632
1432745631
1432745630
1475465721
1077049
1475465722
1228719370
1228719371
1228719372
1228719373
1217525
1469955695
1057984029
1408903474
1282243
1408903473
1346151
1282247
1193478645
1193478646
1062653223
1462849527
1462849526
1468234100
1079605
1158871940
1108133404
1108133401
1108133400
1108133403
1108133402
1391149691
1132431229
1368012764
1375309960
1368012762
1368012763
1228979443
1351328890
1133889692
1133889693
1458124344
1079928414
1199722
830972
1089957
1416279127
1139614
1089956
1350811
1444388645
1450431927
1432874062
1284592796
1284592795
1295251235
1299625555
1299625556
1179936339
1230018720
1230018721
1061867313
1118849
1225593708
1225593709
1362604645
1121469224
1445717670
1411112077
1138529
1367994340
1121469225
1392450201
1392450202
1477411268
1153414
1307607042
1123356
1473204340
1473204341
1199988
1185012
1449323238
1087839
1089822
1031801620
1219060326
1063675627
1219060325
1246682687
1246682686
1246682685
1238305
1267838
1456561554
1397048182
1459236514
1131101332
1459236513
1459236510
1459236511
1466878675
1430542922
1466878676
1105102049
1430542923
1443350064
1123941588
1443350063
1015213711
1015213712
1084417288
1164110444
1164110445
1220058
1123677689
1181030949
1036972070
1286299689
1286299688
1084850123
1084850122
1415084400
1084850124
1296648099
1296648098
1287389822
1073818664
1157265779
1157265778
1296648097
1298457
1065050147
1289157638
1460714578
1317677082
1177773
1133222366
1460714573
1460714572
1460714571
1234234707
1460714577
1289157637
1424982004
1460714574
1304932
1075167010
1075167011
1059290549
1213417987
1133596100
847276
1465889280
1256865
847278
1105118
1265330993
1446425442
1284541
1075409
1299915
1073784342
1154358202
1299698062
1133864470
1355034380
1185013112
1185013111
1396452744
1444971355
1217642995
1217642994
1278157
1278159
1022876339
1317766667
1444971353
1025894537
1025894536
1081036
1230842
1140358
1098662081
1466840009
1446678214
1312425212
1038520357
1188144350
1176743393
1235584
1400369921
1160245
1358884
1334754722
1289006088
1160634012
1064422738
1064422737
1052369077
1288441
1230878
1426811511
1367918137
1366459812
1366459811
1366459810
1214036
1056960
1082753906
1082753905
1397064030
1015367809
1015367808
1082753908
1296334149
562379
1475514151
1064413309
1376547203
1475514152
1173384515
1365913905
1066980394
1066980395
1474318759
1460090541
1460090540
1198694
1198697
1369142225
1063675628
1043963
1289157640
1089950
1199180
1228719368
1474468590
1474468591
1474468592
1059973275
1033904429
1152141423
1314343013
1165961
1152141424
1179495514
1449174880
1350817
1432874064
1432874063
1350810
1350812
1219289287
1185017
1185016
1449174882
968190
1146497235
1146497234
1035492390
1035492391
1146497233
1154617294
1154617295
1159022552
1397856987
1446801372
1446801373
1447566799
1256098456
837715
1108135603
1456779067
1456779066
1339121
1461962160
1301897
1365913907
1365913906
1399451174
1399451175
1399451172
1399451173
1228719369
1456779068
1069247743
1385719118
1385719119
1255655215
1431593053
1431593052
1430354110
1277020
1473176643
1191722
1060305469
1079636
1058941617
970606
1473176644
1283672
1063673403
1063673404
1063673405
1063673406
1063673407
1300779
1295341
1389960479
1389960478
1393190141
1458237601
1128217
1356373169
1356373168
1357988764
1128218
1144372230
1466463231
1008197394
1008197395
1148553667
1008197393
1008197390
1008197391
1150491
1264715
1108045445
1108045444
1108045443
1108045442
1025729978
1025729979
1320945231
1411041996
1022302977
1411041994
1411041995
1160729774
1160729775
1160729776
1326700
1399202735
1399202733
1138530
1123908076
1365434352
1365434353
1251206828
1344767857
1120549413
1472624206
1016470726
1016470724
1016470725
1016470722
1016470723
1153728
1248200799
1248200798
1425068112
1425068113
1142203
1389989638
1389989639
1304284158
1221051
1071077555
1071077554
1071077556
1229153643
1229153642
1304284157
1360029
1270311340
1459236509
1459236508
1459236505
1372210738
1459236507
1459236506
1459236501
1459236500
1382633284
1459236502
1234178534
1105102050
1039043
1280432
1120431301
1120431300
1447753884
1120431302
1454057920
1454057922
1333717430
1463202607
1391122436
1023520327
1220063
1205412986
1205412987
1248294889
1162127
1210406656
1279562
1087179
1157301950
1036972046
1036972047
1334370
1037149092
1037149093
1036972048
1091122275
1064358527
1335515040
1142385080
1230891
1352505
1326501447
1157228588
1382633283
1466842441
1347330264
1396789898
1463016417
1102861147
1446703450
1446703451
1419349248
1255638740
1295911
1412706953
1284211838
1333304
1031300
1008197392
1210461179
1210461178
1226871904
1178705
1178704
1178707
1178706
1460717330
1341473476
1083126773
1460717332
1278149
1465833249
1318038
1382486960
1423807689
1389295661
1445972448
1097060511
1085036
1204100358
1083094392
1083094391
1124167452
1195431604
1195431605
1113099486
1113099487
1079888
1065297928
1023438
1224911934
1231490
1389295660
1215226631
1396112197
1093877488
1093877487
1093877486
1171381040
1338534
1091853392
1070367
1433471787
1433471788
1027692135
1027692134
1255866989
1064413311
1064413310
1398051533
1202418026
1210695333
1230837
1159553061
1393247507
1123688864
1072407490
1072407491
1072407492
1217494
1182957
1460090539
1015214853
1015214852
1015214851
1015214850
1294727341
1452879870
1452879873
1452879872
1090705099
1165978
1382441341
1382441342
1090705098
1036986595
1036986594
1454404479
1454404478
1454404477
1060310392
1060310391
1165973
1033904431
1033904430
1199791
1033904432
1350808
1350809
1220523540
1148949
1350800
1082202
1350804
1411041993
925237
1277303
1447373457
1471580766
1009234
1159139938
1477625294
1172978
1477625293
1465739039
1073822234
1216517
1157794057
1466841809
1073822232
1073822233
1334351
1109627695
1109627694
1414854261
1148568107
1072520
1215837446
1215837445
1215837444
1267709715
1267709716
1118993
1339113
1118990
1446739494
1465909953
1446739493
1446739492
1064415414
1064415412
1064415413
1064415410
1064415411
1452906872
1452906873
1355143244
1298038840
1355143242
1355143243
1444934416
1444934417
1444934415
1193990673
1457701648
1361275897
1288152869
1371029377
1251159239
1217537
1158814604
1133904156
1133904155
1476076483
1204392511
1066731
1008197387
1130355
1008197389
1008197388
1326953
1472624205
1217597769
1354752904
738388
1111342
1369123151
1172573411
1283516081
1238036686
1396764602
1396764603
1462170888
1072445910
1324601
1217538
1150594072
1150594073
1415377578
1172413657
1172413655
1062642171
1032390227
1334366884
1062642172
1388855923
1343452
1035308
1172413658
1436995815
1088237978
1389771985
1389771984
1458133223
1397090449
1298731570
1064391871
1064391870
1088237977
1284030
1091756583
1175898
1159528
1026224729
1470844245
1166771504
1257045029
1248359278
1474085547
1474085545
1065785189
1248359277
1248359276
975641
1129069
1169454
1009199
1133687186
1133687187
1065785088
1036654814
1036654815
1451992747
1075413
1133267537
1133267536
1133267535
1304284159
1276788
1047228988
1153701846
1047228986
1153701844
1153701845
1153701842
1153701843
1248294891
1248294890
1050300568
1266666106
1153548004
1153548003
1056233508
1326706
1167036634
1262385249
1016902430
1192180
1227670991
1227670990
1379392450
1091360941
1091360940
1416833660
1310292585
1458182690
1229153644
1301885
1140774
1330222
1453600780
1274958633
1429749103
1429749102
1429749105
1429749104
1117510534
1447334779
1117510532
1117510533
1368001629
1265886
1446804054
1458176584
1440192654
1233864
1032724470
1032724471
1032724472
1032724473
1373155140
1373155141
1373155142
1127036603
1226887139
1173409937
1459236504
1278422
1278422
1208548
1278427
1131661204
1208757
1220039
1131661203
1433882707
1035547366
1035547367
1035547364
1035547365
1035547362
1035547363
1394236269
1466278167
1307607043
1159513236
1219054
1265339400
1032371766
1466278168
1474702201
1337884203
1014989
1287895864
1097232752
1097232753
1027920051
1117478586
1037306809
1446703449
1446703448
1174329
1217539
1351514
1310172060
1351519
1153421217
1140359
1128878783
1117478588
1359989
1254116299
1254116298
1113495
951305
1474267135
1121148321
1474267137
1159552386
1124106166
1205256
1185053992
1424142872
1065322788
1474044867
1158184988
1335156
1131722216
1269000
1097000
1263489363
1366297703
1366297702
1158184987
1334456476
1457701649
1258012
1221701695
1432745629
1317646738
1124027372
1323190021
1164183209
1454404480
1465889279
1367504822
1124027371
1333717431
1199785
1346152
1299706197
1086029576
1221858
1108224276
1093965285
1205837864
1159575455
1205837862
1108224275
1221854
1205837861
1021811453
1460819523
1016472869
1440192653
1237582
1301620
1237581
1156082
1156083
1265311131
1255371318
1255371319
1290833
1071009349
858884
1428514417
1129328486
1264998231
1365287366
1463202608
1134249
1339106
1124369
1369551585
1369551584
1369551586
1125995932
1125995933
1125995930
1125995931
1064415409
1228472
1142207
1058809
1173546908
1152805483
1061895184
1360220378
1360220379
1409531449
1179888894
1232920800
1231108
1349471389
1045274
1369409370
1475044527
679532
1383102425
1086759
1325192
1158814603
853342
1326945
1349998340
1248014783
1248014782
1058249
1074357131
1020056229
1074357132
979281
1324615
1305344543
1312328
1439732230
1218956703
1218956702
1062831420
1116690732
1031801619
1031801618
1031801617
1466328479
1235590
1433473908
1121469223
1084949507
1204378984
1042416378
1026224731
1026224730
1000508
1071010286
1469458860
1097915929
1236717433
1287389824
1287389825
1123941586
1123941587
1287389821
1314313420
1287389823
1039025
1063684
1256542
1221995036
1221995037
1127057417
919669
1307964985
1212571
1142472835
1162342
1255592681
1063674812
1307964987
1063674810
1063674811
1369142224
1350106149
1436987819
1307964986
1059433121
1241863
1064480686
1228712700
1228712701
1455879908
1466463232
1362510786
1362510785
1362510784
1120549411
1120549410
1008194870
1120549412
1120549414
1317952
1269603
1458182689
1458182688
1077948909
1032390050
1269608
1053103139
1265332321
1265332320
1399468184
1304902
1214217586
1287463790
1086598362
1460717331
1465833248
1460717333
1170391343
1433473909
1016902775
1117874176
1389702089
1269020
1321359739
1450115802
1450115801
1265595
1174942
1392481089
1329236
1032724469
1337735556
1438842692
1424142871
1287423283
1287423282
1196823583
1287423284
1177537
1177535
1469894469
1065743
1452016511
1079507379
1122232
1122233
1231317124
1273347
1162678460
1315209
1401336726
1111554
858025
1229373993
1455439327
1280755
1318931
983248
1102639492
844022
1124027373
1299706195
1299706196
1124027370
1364426964
1237806319
1274991904
1274991903
1102302156
1461435237
1102302155
1312327
1213351803
1065011880
1102302154
1198314
1204376
1367808203
1172647790
1172647791
1059433120
1383276463
1383276464
1313209991
1411531054
1312441893
1288614
1242640793
1310292584
1310292587
1310292586
1310292588
1088285
1148605850
1077241755
1071077553
1165169747
1235468347
1231317123
1231317122
1235468348
1032485497
1411112078
1411112079
1466159677
1466159676
1023752
1466208579
1298379656
1338668
1022456996
1318831
1466159678
1220061
1160652329
1142173036
1259481
1041685
1354353299
1258204
1235482634
1231188707
1235482633
1231188705
1298570
1407965572
1243598
1366699095
1366699094
1461032874
1366699096
1310110678
1000530369
1352936
1220064
1009233
1319622525
1469960110
1134256
1063670908
1102722554
900106
1385719122
1385719121
1385719120
1463786076
1025916878
1416630922
1416630923
1063670907
1446564962
1254140951
1438689844
1191777
1438689841
1419239116
1438689843
1438689842
1408886784
1408886785
1313209994
1426975951
1250838142
1426975952
1369409369
1369409368
1350118460
1279735872
1188572
1109730
1029935964
1241639740
1029935962
1029935961
1446702162
1384011747
1384011746
1086763
1284211837
1117459549
1294928796
1356326372
1124363443
1477778980
1255529936
1255529935
1469381530
1138760
1341901
1341900
1260714
1439732229
1061936332
1034304130
1061936330
1220939
1322564
1016471668
1022171003
1315814
1347411411
1008196348
1347411413
1331111
1008196346
1008196347
1417460430
1008196345
1434600397
1202254441
1341838
1332090
1422206740
1434600398
1274969052
1274969051
1281976
1062248351
1062248350
1213519400
1101135
1264572
1234363412
1234363411
1231188706
1108133399
1050352368
1300053
1212564
1027857
1196662731
1257433875
1196662732
1474746467
1279559
1457413533
1318033
1083126772
1359998
1357896214
1412649693
1157883839
1458237595
1008194869
1008194868
1449156336
1449156337
1452902126
1008194865
1008194867
1008194866
1280578
1177632
1286215741
1305767640
1430848209
1430848207
1466842533
1466842532
1176842490
1176842491
1469458859
1461032875
1465833250
1294794280
1265332318
1265332319
1081762
1042685080
1470413322
1311307426
1311307427
1298447
1284053
1217835629
1284050
1406980127
1177565
1063987
1199727
1378418449
1237875585
1406980128
1111667716
1397401502
1299781
1208760
1319622524
1172432675
1172432676
1037960766
1012323191
1444120246
1469378428
1056961
1035547609
1090705101
1090705100
1090705102
1457353736
1321211410
1321211411
1096901128
1460914634
1040386
1460914633
1219035
1293789
1065297927
1137491094
1370945418
983253
983252
1280761
1370945416
1255162
1303422
1303423
1397611507
1333610
1231077240
1338297
1143802248
1210308343
968184
968185
1458246612
968188
1162650736
1143802247
1312333
1172732972
1360466705
1360466704
1230869
1172647789
1188254037
1198935
1265311717
1255705043
1205392280
1205392281
1015578741
1015578742
1204100357
1055520049
1091117669
1230885
1214675
1459236503
1424751844
1230888
1396511583
1396511582
1091117468
1187781
1396511584
1355708478
1091117467
1133894515
1178712
1220059
1134641
1220055
1419239117
1273482
1438518119
1220052
1233096738
1233096739
1274219
1188254038
1278021680
1178713
1134457160
1254140950
1106495
1097099919
1076344425
1432024966
1432024965
1291935
1475546018
1475546017
1282431
1282430
1205357564
1086096930
1231334320
1037056170
1037056171
1458776446
1458776447
972627
1375445765
1419349247
1419349246
1350380919
1304195876
1304195877
1304195875
1085995776
1085995775
1274215
1085995773
1178711
1458729469
1023967335
1350118458
1350118459
1183178
1071010287
1351223974
1396112196
1178062153
1178062152
1465889281
1351223972
1134253
1473166932
1387175481
1458820927
1458820926
1458820925
1396112198
1367994341
1076385122
1447337434
1447337435
1447337436
1123685902
1025589987
1025589986
1025589988
1202453093
1002461717
1324594
1126538962
1301767
1081763348
1367504824
1235588
1456547259
1324592
1248779576
1248779577
1150856801
1085600780
1251207229
1248779578
1248779579
1368057721
1231587
1139077213
1139077212
1061936329
1181030950
1158860
1397813229
1024510786
1314343014
1314343015
1008196351
1008196350
1008196353
1147370323
1217706253
1366834793
1251039633
1184655
1477721823
1477721824
1184659
1207872786
1207872787
1124760395
1124760394
1073412383
1357988765
1357988766
1207872788
1207872789
1323248900
1323248901
1323248902
1323248903
1100734183
1100734182
1367504823
1236208140
1123928033
1305915382
1344789687
1060295488
1437126587
1037518910
1239912
1139519
1437126586
1405145460
1341911
1239918
1032375126
1382441343
1330232
1127051014
1332268
1416833659
1284427
1210461180
1288806
1477778979
1176842489
1387175479
1387175478
1243135
1015304960
1017535
1456634768
1452891387
1452891386
1452891388
1207885299
1274988768
1274988769
1309958
1280104
1446727656
1446727657
1170772
1292417
1178741
1457339910
1193797
1466935434
1466935433
1466279110
1466935431
1466935430
1332426126
1123574166
1376547204
1439566019
1439566018
1058620853
1373155139
1030001193
1247035006
1382486962
1293944043
1279453
1157957
1314578
1247015
1059551330
1059551331
1059551332
1466193726
1466193725
1160733223
1160733224
1083054294
1083054295
1462280125
1133857
1352757351
1229343822
1229343823
1318683
1229343821
1229343824
1234234705
1361675827
1361675826
1234234708
1234234709
1062655393
1177498
1278155
1055976508
1055976509
1471946867
1219290600
1283747999
1055976507
1295093693
1178285868
1102628772
1231077239
816448
1329243
1452879871
1235910
805702
1084656
1155962238
1155962239
1427431444
1474928748
1466842305
1474928747
1372942606
1372942607
1390218724
1372942605
989410
1231050
1055520051
1055520050
1459236512
1070037
1271768489
1366470382
1065050830
1366470380
1366470381
1061936331
1213519399
1166661935
1091117671
1091117670
1314308201
1461087617
976898
1354353300
1152096781
1461087618
1461087619
1270473
1299982280
1055940336
1055940334
1055940335
1220040
1393265451
1150391
1307713
1199796
1217533515
1217534
1278216569
1476076485
1476076484
1097099920
1476076482
1217533
1185700481
1185700482
1313061580
1347411412
1037306788
1037056169
1008196349
1033904433
1465752853
1220924143
1076344426
1188571
1220924144
1465752855
1338021948
1217499
1198315769
1474714948
1060847
997966
997967
1393377582
1268000
1408845224
1408845225
1465889272
1465889273
1465889270
1465889271
1465889276
1465889277
1465889274
1465889275
1465889278
1474044869
1123816097
1326508479
1109336
1130948290
1134248
1210425211
1073887593
1083065481
1271749251
1120684598
1120684599
1110560383
1110560382
1397017358
1397017359
1257043728
1153435096
1153435095
1056969
1153717311
1153717310
1256027064
1153717312
1055949050
1055949051
1055949052
1446753942
1235975
1202254439
1202254438
1025729982
1265323992
1265323993
1265323994
1431875699
1148568329
1335104
1057769434
1471888569
1470495436
1470495435
1184855596
1423665202
1031959800
1335855496
1360070
1294916987
1060779676
1210799924
1074056123
1074056124
1074056125
1074056126
971047
1009237
1251299
1339197258
1300052
1037047812
1084739954
1346269
1219805
1466842331
1466842330
1080650
1166768
1076630591
1457353735
1186915126
1127043902
1423889955
1423889956
1287442174
1031959797
1287442172
1287442173
1280555
1274213
1274210
1031959798
1031959799
1375445766
1182914
1387175480
1073798970
1457099843
1032520999
1399468183
1235589
1292576
1222803
1405145462
1071077305
1071077306
1405145461
1150413
1248221237
846948
1027920052
1340525545
1463866495
1248221238
1123631639
1110313433
1110313432
1110313431
1110313430
1466193727
1052390005
1052390006
1069380
1457339909
1457339908
1466752048
1177506
1364343687
1359914
1341228838
1414854260
1364343689
1202374195
1157303984
803683
1157303983
1278668
1160711817
1153745
1144823623
1299631659
1218452391
1123816096
1108133398
1084276
1344903
1428557178
1059860
1159022551
1428557176
1428557177
1052724291
1406981629
1078460344
1078460347
1361686782
1361686780
1361686781
1257433874
1212569
1037030142
1321359741
1321359740
1321359740
